    const xOpric1 = {
        // ["ski", "boost", "pole", "board", "boost", "ウエア上", "ウエア下", "ヘルメット", "プロテクター", "ZIPFY", "スノーレーザー", "ソリ", "スノースケート"]
        0.5: [2500,   1750, 1000,  2500,  1750,  2000,  2000,  500,  500, 1500, 2000, 500, 2000],
        1:   [3500,   2500, 1000,  3500,  2500,  3000,  3000,  500,  500, 2000, 3500, 500, 3500],
        1.5: [5500,   4000, 1500,  5500,  4000,  4500,  4500, 1000, 1000,    0,    0,   0,    0],
        2:   [6500,   4500, 1500,  6500,  4500,  5500,  5500, 1000, 1000,    0,    0,   0,    0],
        2.5: [8500,   5500, 2000,  8500,  5500,  7000,  7000, 1500, 1500,    0,    0,   0,    0],
        3:   [9500,   6500, 2000,  9500,  6500,  8000,  8000, 1500, 1500,    0,    0,   0,    0],
        4:   [12000,  8000, 2500, 12000,  8000, 10000, 10000, 2000, 2000,    0,    0,   0,    0],
        5:   [15000,  9000, 3000, 15000,  9000, 11000, 11000, 2500, 2500,    0,    0,   0,    0],
        6:   [17000, 10000, 3500, 17000, 10000, 12000, 12000, 3000, 3000,    0,    0,   0,    0],
        7:   [19000, 11000, 4000, 19000, 11000, 13000, 13000, 3500, 3500,    0,    0,   0,    0],
        8:   [21000, 12000, 4500, 21000, 12000, 14000, 14000, 4000, 4000,    0,    0,   0,    0]
    }

    const xKpric1 = {
        // ["ski", "boost", "pole", "board", "boost", "ウエア上", "ウエア下", "ヘルメット", "プロテクター", "ZIPFY", "スノーレーザー", "ソリ", "スノースケート"]
        0.5: [2000,  1500, 1000,  2000, 1500,  1750,  1750,  500,  500, 1500, 2000, 500, 2000],
        1:   [2500,  1750, 1000,  2500, 1750,  2500,  2500,  500,  500, 2000, 3500, 500, 3500],
        1.5: [4000,  2750, 1500,  4000, 2750,  4000,  4000, 1000, 1000,    0,    0,   0,    0],
        2:   [4500,  3000, 1500,  4500, 3000,  4500,  4500, 1000, 1000,    0,    0,   0,    0],
        2.5: [5500,  3500, 2000,  5500, 3500,  5500,  5500, 1500, 1500,    0,    0,   0,    0],
        3:   [6500,  4250, 2000,  6500, 4250,  6500,  6500, 1500, 1500,    0,    0,   0,    0],
        4:   [8000,  5500, 2500,  8000, 5500,  8000,  8000, 2000, 2000,    0,    0,   0,    0],
        5:   [9000,  6500, 3000,  9000, 6500,  9000,  9000, 2500, 2500,    0,    0,   0,    0],
        6:   [10000, 7500, 3500, 10000, 7500, 10000, 10000, 3000, 3000,    0,    0,   0,    0],
        7:   [11000, 8500, 4000, 11000, 8500, 11000, 11000, 3500, 3500,    0,    0,   0,    0],
        8:   [12000, 9500, 4500, 12000, 9500, 12000, 12000, 4000, 4000,    0,    0,   0,    0]
    }